old_x old_y new_lat new_lon id

1520334.11265 7466172.76139 40.8157038 -111.9338047 2.0

1520312.8879 7461851.08597 40.8038425 -111.9338057 3.0

1522965.00793 7461864.26871 40.8039136 -111.9242268 4.0

1525331.2973 7461715.69219 40.8035363 -111.9156776 5.0

1517492.8405 7460296.40785 40.7995376 -111.9439635 6.0

1520335.86022 7458530.63011 40.7947296 -111.9336646 7.0

1523379.53104 7458485.16651 40.7946448 -111.9226719 8.0

1525891.92669 7458479.74377 40.7946621 -111.9135986 9.0

1528121.7295 7458473.42828 40.7946728 -111.9055458 10.0

1517997.15689 7455667.49035 40.7868400 -111.9420594 11.0

1512724.99432 7452677.78293 40.7785614 -111.9610413 12.0

1514151.15546 7453626.28413 40.7811848 -111.9559096 13.0

1515866.92786 7453196.94615 40.7800302 -111.9497067 14.0

1506846.57477 7444351.63396 40.7556244 -111.9821034 15.0

1509507.83184 7444365.32358 40.7557009 -111.9724984 16.0

1512157.91643 7443591.39511 40.7536148 -111.9629190 17.0

1512172.79492 7447724.67887 40.7649593 -111.9629425 18.0

1514825.96228 7448498.23869 40.7671197 -111.9533793 19.0

1514802.07649 7439484.38824 40.7423798 -111.9533006 20.0

1514783.06148 7435276.97652 40.7308316 -111.9532922 21.0

1517427.69171 7435278.32918 40.7308718 -111.9437505 22.0

1517447.18179 7439481.45822 40.7424081 -111.9437554 23.0

1517476.30902 7448493.20808 40.7671424 -111.9438116 25.0

1518221.64571 7451685.12826 40.7759131 -111.9411779 26.0

1520968.53727 7452052.95403 40.7769594 -111.9312669 27.0

1523778.97574 7455599.01576 40.7867287 -111.9211803 28.0

1526161.86355 7456773.48221 40.7899826 -111.9125953 29.0

1526161.82435 7455188.47533 40.7856324 -111.9125691 30.0

1528377.1113 7456740.85146 40.7899208 -111.9045953 31.0

1530466.88597 7456265.27134 40.7886412 -111.8970412 32.0

1533598.10519 7456456.49366 40.7892036 -111.8857371 33.0

1528517.29251 7455163.46682 40.7855932 -111.9040633 34.0

1530645.71108 7454610.06936 40.7841005 -111.8963689 35.0

1523779.75804 7452826.14441 40.7791183 -111.9211303 37.0

1526155.46755 7452815.15143 40.7791185 -111.9125525 38.0

1528535.13019 7452797.01843 40.7790985 -111.9039603 39.0

1530960.58833 7452809.15858 40.7791616 -111.8952032 36.0

1511543.17058 7440316.48703 40.7446177 -111.9650763 41.0

1523767.81217 7450446.03036 40.7725856 -111.9211330 42.0

1526146.59928 7450440.03424 40.7725996 -111.9125450 43.0

1528525.2436 7450433.67372 40.7726119 -111.9039575 40.0

1531301.84383 7450434.95864 40.7726495 -111.8939334 44.0

1533149.18559 7453408.38176 40.7808325 -111.8873105 45.0

1537246.01597 7455917.29357 40.7877662 -111.8725560 47.0

1540657.74895 7455864.03617 40.7876584 -111.8602354 48.0

1539274.06677 7455868.86324 40.7876562 -111.8652320 47.0

1535710.25892 7453284.60759 40.7805228 -111.8780615 46.0

1538337.09217 7453150.55676 40.7801850 -111.8685749 49.0

1533749.88331 7450452.78687 40.7727277 -111.8850957 50.0

1535840.01947 7450469.21988 40.7727972 -111.8775501 51.0

1523760.38764 7448069.98712 40.7660642 -111.9211194 52.0

1526136.85039 7448062.89321 40.7660752 -111.9125406 53.0

1521111.62268 7445704.68639 40.7595378 -111.9306400 54.0

1521468.54575 7443135.73339 40.7524917 -111.9293072 55.0

1522617.77155 7445623.35305 40.7593343 -111.9252021 57.0

1524006.93201 7445747.62129 40.7596934 -111.9201900 58.0

1523287.37137 7443412.52878 40.7532751 -111.9227475 59.0

1523166.11066 7440530.17039 40.7453625 -111.9231359 56.0

1524545.60771 7443409.65964 40.7532835 -111.9182062 60.0

1526126.69651 7445685.43497 40.7595498 -111.9125377 61.0

1526117.50168 7443307.50572 40.7530232 -111.9125313 62.0

1525710.49593 7440632.1468 40.7456751 -111.9139555 63.0

1527294.92584 7440626.80763 40.7456804 -111.9082376 64.0

1528512.73196 7448053.33378 40.7660787 -111.9039638 67.0

1530889.58275 7448044.65425 40.7660840 -111.8953836 68.0

1533267.57062 7448035.42392 40.7660872 -111.8867992 69.0

1535646.42232 7448026.30232 40.7660901 -111.8782117 70.0

1538328.90831 7450456.12239 40.7727898 -111.8685644 71.0

1540876.70833 7450028.93821 40.7716458 -111.8593601 65.0

1538024.84475 7448016.90994 40.7660916 -111.8696258 72.0

1542204.5488 7448000.83666 40.7660939 -111.8545373 73.0

1544104.69785 7450000.23573 40.7716020 -111.8477061 66.0

1523651.745 7437469.70668 40.7369689 -111.9213314 74.0

1528503.53132 7445676.89016 40.7595561 -111.9039583 75.0

1530880.35843 7445668.13914 40.7595613 -111.8953789 76.0

1528493.91788 7443299.13655 40.7530300 -111.9039542 77.0

1530871.04446 7443290.59966 40.7530357 -111.8953746 78.0

1533258.84371 7445659.37203 40.7595657 -111.8867936 79.0

1533250.09257 7443282.22387 40.7530412 -111.8867881 80.0

1535637.37186 7445650.53368 40.7595694 -111.8782081 81.0

1535628.38919 7443274.01596 40.7530466 -111.8782043 82.0

1538015.32317 7445641.5006 40.7595719 -111.8696247 83.0

1540395.59263 7445632.66098 40.7595743 -111.8610329 84.0

1542189.97281 7445629.26981 40.7595847 -111.8545560 85.0

1538005.79869 7443265.49047 40.7530505 -111.8696236 86.0

1540385.3912 7443257.15061 40.7530543 -111.8610351 87.0

1542080.62421 7443338.67384 40.7532967 -111.8549179 88.0

1527256.54131 7434720.17428 40.7294683 -111.9082788 89.0

1528879.28548 7440621.30661 40.7456850 -111.9025199 90.0

1530463.53435 7440616.02032 40.7456900 -111.8968026 91.0

1532049.38576 7440610.6763 40.7456945 -111.8910795 92.0

1533636.82469 7440605.24451 40.7456985 -111.8853507 93.0

1535222.18376 7440600.15678 40.7457031 -111.8796294 94.0

1528865.16476 7437658.11147 40.7375519 -111.9025227 95.0

1528848.77741 7434711.70203 40.7294649 -111.9025340 96.0

1530451.73112 7437653.45314 40.7375586 -111.8967977 97.0

1530439.45075 7434705.66231 40.7294678 -111.8967949 98.0

1532037.8325 7437647.32795 40.7375610 -111.8910744 99.0

1532026.10025 7434698.67116 40.7294678 -111.8910702 100.0

1533625.86136 7437641.27207 40.7375633 -111.8853442 101.0

1533614.81218 7434691.52172 40.7294671 -111.8853382 102.0

1535200.16453 7434684.71766 40.7294670 -111.8796182 103.0

1535211.20494 7437635.40409 40.7375658 -111.8796236 104.0

1536805.53762 7440594.71262 40.7457065 -111.8739153 105.0

1538390.77514 7440589.21298 40.7457094 -111.8681944 106.0

1539984.95974 7440588.60806 40.7457256 -111.8624413 107.0

1541569.87681 7440573.4845 40.7457016 -111.8567215 108.0

1536793.86617 7437629.36811 40.7375675 -111.8739127 109.0

1538378.84081 7437623.20225 40.7375686 -111.8681934 110.0

1539965.60397 7437617.12947 40.7375698 -111.8624677 111.0

1541550.79782 7437611.0084 40.7375704 -111.8567477 112.0

1536779.40626 7434679.39139 40.7294707 -111.8739204 113.0

1538364.01228 7434668.6902 40.7294593 -111.8682030 114.0

1539953.65397 7434663.29833 40.7294624 -111.8624676 115.0

1541539.07193 7434656.42437 40.7294610 -111.8567475 116.0

1535181.89141 7430888.57455 40.7190476 -111.8796260 117.0

1536751.9862 7430879.53698 40.7190410 -111.8739620 118.0

1538336.89152 7430874.37457 40.7190449 -111.8682445 119.0

1539948.02205 7430855.2119 40.7190103 -111.8624323 120.0

1541558.74714 7430873.92905 40.7190795 -111.8566221 121.0

1536717.18214 7426224.60162 40.7062642 -111.8740173 122.0

1538301.44296 7426221.6789 40.7062743 -111.8683033 123.0

1539893.56012 7426218.16448 40.7062825 -111.8625610 124.0

1541532.78562 7426207.40443 40.7062710 -111.8566486 125.0

1543138.24185 7440873.01162 40.7465408 -111.8510658 126.0

1544786.74924 7440741.48674 40.7461974 -111.8451148 128.0

1545668.97382 7443802.32316 40.7546076 -111.8419732 127.0

1546374.61811 7440734.08845 40.7461937 -111.8393843 129.0

1547977.0642 7440729.81627 40.7461986 -111.8336013 130.0

1543164.84515 7437606.2999 40.7375750 -111.8509235 131.0

1544775.90391 7437598.44568 40.7375707 -111.8451101 132.0

1546362.27516 7437608.48841 40.7376149 -111.8393861 133.0

1547959.44662 7437603.9043 40.7376188 -111.8336228 134.0

1549532.84174 7440717.88302 40.7461816 -111.8279866 135.0

1525690.67588 7437670.98622 40.7375475 -111.9139776 136.0

1527272.325 7437666.11968 40.7375541 -111.9082704 137.0

1543130.46993 7434692.34348 40.7295768 -111.8510063 138.0

1544773.01643 7434695.3434 40.7296026 -111.8450802 139.0

1546349.96511 7434669.60238 40.7295485 -111.8393903 140.0

1547942.34564 7434662.64834 40.7295459 -111.8336449 141.0

1549529.40923 7434652.37465 40.7295338 -111.8279188 142.0

1543499.55666 7430921.35077 40.7192307 -111.8496215 143.0

1545689.47222 7430898.00731 40.7191898 -111.8417213 144.0

1543756.91415 7427331.69297 40.7093809 -111.8486426 145.0

1546469.49908 7427319.50069 40.7093761 -111.8388585 146.0

1547601.28006 7431009.16695 40.7195148 -111.8348261 147.0

1549583.97976 7431902.68514 40.7219873 -111.8276855 148.0

1549124.52366 7429330.1957 40.7149220 -111.8293089 149.0

1549118.34818 7427047.37712 40.7086563 -111.8293008 150.0

1551784.98496 7429322.79025 40.7149282 -111.8197121 151.0

1550468.29058 7431855.82421 40.7149282 -111.8197121 148.0

1551756.57445 7432000.64564 40.7222778 -111.8198491 152.0

1551662.689 7440778.54464 40.7463693 -111.8203012 153.0

1554478.57381 7429945.39646 40.7166631 -111.8100036 155.0

1554477.57073 7431961.85139 40.7221976 -111.8100324 156.0

1551719.47396 7434703.06943 40.7296947 -111.8200178 157.0

1551745.42665 7437678.00268 40.7378602 -111.8199626 154.0

1554475.9422 7434690.50694 40.7296869 -111.8100724 158.0

1554458.2172 7437672.5105 40.7378713 -111.8101737 159.0

1554317.66119 7440822.72717 40.7465163 -111.8107204 160.0

1556559.6133 7441107.30487 40.7473184 -111.8026330 161.0

1520965.76712 7455614.42437 40.7867341 -111.9313390 162.0

1549551.60791 7437596.28451 40.7376141 -111.8278776 163.0

1541347.81876 7453133.9016 40.7801729 -111.8577041 164.0

1517464.95772 7444376.49483 40.7558435 -111.9437789 24.0

1519449.19529 7445709.20798 40.7595281 -111.9366406 165.0

1519729.8716 7443060.69648 40.7522626 -111.9355810 166.0

1520105.2157 7440190.83719 40.7443909 -111.9341760 167.0

1520548.44366 7437451.77619 40.7368791 -111.9325287 168.0

1521254.30509 7434797.65118 40.7296038 -111.9299357 169.0

1523624.06537 7466165.95333 40.8157283 -111.9219197 170.0

1540405.91684 7448007.77786 40.7660932 -111.8610303 171.0

1514816.40122 7444381.19974 40.7558199 -111.9533384 172.0

1525174.08689 7434734.52736 40.7294814 -111.9157924 174.0

1519295.27175 7446900.22823 40.7627949 -111.9372172 165.0

1519639.56424 7448179.58973 40.7663109 -111.9359969 175.0

1521704.05681 7448166.29365 40.7663017 -111.9285442 176.0

1519954.96407 7446897.51695 40.7627963 -111.9348359 165.0

1520624.82714 7447217.68675 40.7636839 -111.9324235 177.0

1518603.09685 7450083.54328 40.7715225 -111.9397723 25.0

1525671.77422 7433307.9334 40.7255722 -111.9139729 1.0

1525693.1261 7433610.29883 40.7264023 -111.9139010 1.0